0 0 176.160620
0 1 55.372001
0 2 0.003495
0 3 0.109010
0 4 12.903530
0 5 0.007189
0 6 0.016023
0 7 0.001228
0 8 0.000004
1 0 55.372001
1 1 144.910924
1 2 0.011908
1 3 0.391679
1 4 41.746165
1 5 0.000144
1 6 0.128786
1 7 0.007670
1 8 0.000009
2 0 0.003495
2 1 0.011908
2 2 158.237010
2 3 45.398552
2 4 0.126323
2 5 0.128575
2 6 0.701062
2 7 31.805112
2 8 29.000753
3 0 0.109010
3 1 0.391679
3 2 45.398552
3 3 272.756000
3 4 4.395838
3 5 0.025081
3 6 0.000074
3 7 1.237721
3 8 0.611468
4 0 12.903530
4 1 41.746165
4 2 0.126323
4 3 4.395838
4 4 203.059550
4 5 0.000642
4 6 2.147268
4 7 0.574429
4 8 0.000477
5 0 0.007189
5 1 0.000144
5 2 0.128575
5 3 0.025081
5 4 0.000642
5 5 244.993299
5 6 22.822387
5 7 0.237261
5 8 11.471923
6 0 0.016023
6 1 0.128786
6 2 0.701062
6 3 0.000074
6 4 2.147268
6 5 22.822387
6 6 196.486571
6 7 10.601679
6 8 4.884958
7 0 0.001228
7 1 0.007670
7 2 31.805112
7 3 1.237721
7 4 0.574429
7 5 0.237261
7 6 10.601679
7 7 383.309993
7 8 20.054888
8 0 0.000004
8 1 0.000009
8 2 29.000753
8 3 0.611468
8 4 0.000477
8 5 11.471923
8 6 4.884958
8 7 20.054888
8 8 192.223601
